
$orca_hessian_file

$act_atom
  0

$act_coord
  0

$act_energy
        0.000000

$hessian
15
                    0                  1                  2                  3                  4        
    0      7.4675869142E-01   8.1245611194E-02  -3.6267335791E-02  -1.1677604854E-02   8.3293974774E-02
    1      8.1245611194E-02   4.5207194594E-01  -1.9099105033E-01   8.3814474108E-02  -5.7420765807E-02
    2     -3.6267335791E-02  -1.9099105033E-01   1.3607469231E-01  -3.9733030725E-02   4.3450977698E-02
    3     -1.1677604854E-02   8.3814474108E-02  -3.9733030725E-02   1.2166683165E-01  -9.2164127170E-02
    4      8.3293974774E-02  -5.7420765807E-02   4.3450977698E-02  -9.2164127170E-02   8.4756577580E-01
    5     -3.9527637256E-02   4.3463800232E-02   1.3510750274E-02   4.3997887025E-02  -3.8356555713E-01
    6     -3.5841771181E-01   6.0358507095E-02  -2.9423139063E-02  -1.4011524412E-01   1.3515477265E-02
    7      7.2689638787E-02  -1.6718415365E-01   4.2280137982E-02   3.6511699436E-02  -7.5869676594E-01
    8     -3.5272965436E-02   4.2197581982E-02  -9.8198898772E-02  -1.7555897387E-02   3.1433165968E-01
    9     -3.3772475729E-01  -2.0732753496E-01   9.7059072124E-02   1.2115431112E-02  -5.7742591883E-03
   10     -2.5624650147E-01  -2.4158279516E-01   1.0416415957E-01  -1.6908857855E-03  -3.8481572684E-03
   11      1.2018098443E-01   1.0436065362E-01  -6.7247515238E-02   8.0578702712E-04  -7.7768471996E-04
   12     -3.8963846277E-02  -1.8073107966E-02   8.3561882103E-03   1.8010503588E-02   1.1119424725E-03
   13      1.9004989538E-02   1.4125271952E-02   1.0971708086E-03  -2.6471318306E-02  -2.7592141242E-02
   14     -9.1050143444E-03   9.7279554766E-04   1.5879071407E-02   1.2488736822E-02   2.6563943764E-02
                    5                  6                  7                  8                  9        
    0     -3.9527637256E-02  -3.5841771181E-01   7.2689638787E-02  -3.5272965436E-02  -3.3772475729E-01
    1      4.3463800232E-02   6.0358507095E-02  -1.6718415365E-01   4.2197581982E-02  -2.0732753496E-01
    2      1.3510750274E-02  -2.9423139063E-02   4.2280137982E-02  -9.8198898772E-02   9.7059072124E-02
    3      4.3997887025E-02  -1.4011524412E-01   3.6511699436E-02  -1.7555897387E-02   1.2115431112E-02
    4     -3.8356555713E-01   1.3515477265E-02  -7.5869676594E-01   3.1433165968E-01  -5.7742591883E-03
    5      2.1632859444E-01  -6.6147984464E-03   3.1449868468E-01  -2.4046286762E-01   2.7272459846E-03
    6     -6.6147984464E-03   7.9073086137E-01   3.5910804249E-02  -1.4679594647E-02  -5.1092035359E-02
    7      3.1449868468E-01   3.5910804249E-02   1.0614021756E+00  -3.8204249272E-01  -2.5620003710E-02
    8     -2.4046286762E-01  -1.4679594647E-02  -3.8204249272E-01   4.3099270512E-01   1.1915580891E-02
    9      2.7272459846E-03  -5.1092035359E-02  -2.5620003710E-02   1.1915580891E-02   3.7957367282E-01
   10     -7.4839488842E-04   1.8819982027E-02   2.3091089046E-02  -9.1552759935E-03   2.3534182243E-01
   11     -5.4247497067E-03  -9.0756591203E-03  -9.3293531896E-03   8.2614078819E-03  -1.1006885158E-01
   12     -5.7510159590E-04  -2.4108374371E-01  -1.1949192025E-01   5.5592972900E-02  -2.8695393231E-03
   13      2.6361032082E-02  -1.2858979618E-01  -1.5862636378E-01   3.4664293895E-02   3.3744145993E-03
   14      1.6070361202E-02   5.9782418160E-02   3.4592384146E-02  -1.0061763397E-01  -1.6310471818E-03
                   10                 11                 12                 13                 14        
    0     -2.5624650147E-01   1.2018098443E-01  -3.8963846277E-02   1.9004989538E-02  -9.1050143444E-03
    1     -2.4158279516E-01   1.0436065362E-01  -1.8073107966E-02   1.4125271952E-02   9.7279554766E-04
    2      1.0416415957E-01  -6.7247515238E-02   8.3561882103E-03   1.0971708086E-03   1.5879071407E-02
    3     -1.6908857855E-03   8.0578702712E-04   1.8010503588E-02  -2.6471318306E-02   1.2488736822E-02
    4     -3.8481572684E-03  -7.7768471996E-04   1.1119424725E-03  -2.7592141242E-02   2.6563943764E-02
    5     -7.4839488842E-04  -5.4247497067E-03  -5.7510159590E-04   2.6361032082E-02   1.6070361202E-02
    6      1.8819982027E-02  -9.0756591203E-03  -2.4108374371E-01  -1.2858979618E-01   5.9782418160E-02
    7      2.3091089046E-02  -9.3293531896E-03  -1.1949192025E-01  -1.5862636378E-01   3.4592384146E-02
    8     -9.1552759935E-03   8.2614078819E-03   5.5592972900E-02   3.4664293895E-02  -1.0061763397E-01
    9      2.3534182243E-01  -1.1006885158E-01  -2.8695393231E-03   3.3744145993E-03  -1.6310471818E-03
   10      2.2139625359E-01  -9.6944615359E-02   3.7758088836E-03   9.4311885495E-04   2.6836841138E-03
   11     -9.6944615359E-02   5.9075742037E-02  -1.8424503114E-03   2.6919610618E-03   5.3291828382E-03
   12      3.7758088836E-03  -1.8424503114E-03   2.6490703883E-01   1.3268030812E-01  -6.1534350693E-02
   13      9.4311885495E-04   2.6919610618E-03   1.3268030812E-01   1.7114717503E-01  -6.4820496540E-02
   14      2.6836841138E-03   5.3291828382E-03  -6.1534350693E-02  -6.4820496540E-02   6.3330049507E-02

$vibrational_frequencies
15
    0        0.000000
    1        0.000000
    2        0.000000
    3        0.000000
    4        0.000000
    5        0.000000
    6      680.344854
    7      698.458458
    8     1203.539948
    9     1275.030607
   10     1419.156451
   11     1547.804734
   12     1980.746441
   13     3294.240992
   14     4046.006260

$normal_modes
15 15
                    0                  1                  2                  3                  4        
    0      0.0000000000E+00   0.0000000000E+00   0.0000000000E+00   0.0000000000E+00   0.0000000000E+00
    1      0.0000000000E+00   0.0000000000E+00   0.0000000000E+00   0.0000000000E+00   0.0000000000E+00
    2      0.0000000000E+00   0.0000000000E+00   0.0000000000E+00   0.0000000000E+00   0.0000000000E+00
    3      0.0000000000E+00   0.0000000000E+00   0.0000000000E+00   0.0000000000E+00   0.0000000000E+00
    4      0.0000000000E+00   0.0000000000E+00   0.0000000000E+00   0.0000000000E+00   0.0000000000E+00
    5      0.0000000000E+00   0.0000000000E+00   0.0000000000E+00   0.0000000000E+00   0.0000000000E+00
    6      0.0000000000E+00   0.0000000000E+00   0.0000000000E+00   0.0000000000E+00   0.0000000000E+00
    7      0.0000000000E+00   0.0000000000E+00   0.0000000000E+00   0.0000000000E+00   0.0000000000E+00
    8      0.0000000000E+00   0.0000000000E+00   0.0000000000E+00   0.0000000000E+00   0.0000000000E+00
    9      0.0000000000E+00   0.0000000000E+00   0.0000000000E+00   0.0000000000E+00   0.0000000000E+00
   10      0.0000000000E+00   0.0000000000E+00   0.0000000000E+00   0.0000000000E+00   0.0000000000E+00
   11      0.0000000000E+00   0.0000000000E+00   0.0000000000E+00   0.0000000000E+00   0.0000000000E+00
   12      0.0000000000E+00   0.0000000000E+00   0.0000000000E+00   0.0000000000E+00   0.0000000000E+00
   13      0.0000000000E+00   0.0000000000E+00   0.0000000000E+00   0.0000000000E+00   0.0000000000E+00
   14      0.0000000000E+00   0.0000000000E+00   0.0000000000E+00   0.0000000000E+00   0.0000000000E+00
                    5                  6                  7                  8                  9        
    0      0.0000000000E+00  -3.7325108147E-03   5.7609467047E-02  -2.0905420157E-04  -2.1028955875E-01
    1      0.0000000000E+00   5.1336482992E-02  -1.6994884285E-01   1.7241452316E-02   1.6230200678E-01
    2      0.0000000000E+00   7.9670967500E-02   9.8800546599E-02   3.5647172484E-02  -7.6651011128E-02
    3      0.0000000000E+00   1.5521685623E-02  -2.3556780275E-01  -2.0945300273E-04   3.1563019250E-02
    4      0.0000000000E+00   1.0636434720E-02   1.1503826441E-01   2.4115760524E-02  -8.8061819572E-02
    5      0.0000000000E+00   4.1153032795E-02  -4.6866024977E-02   5.2408345242E-02   4.2004087164E-02
    6      0.0000000000E+00  -1.1620112279E-02   1.7641762827E-01   1.1471347893E-03   1.6632526208E-01
    7      0.0000000000E+00  -4.3848206537E-02   1.2844436709E-01  -9.3909426751E-02  -2.6688297463E-02
    8      0.0000000000E+00  -6.9701977297E-02  -7.6205938966E-02  -1.9869342963E-01   1.2650121574E-02
    9      0.0000000000E+00  -3.3270745682E-02   4.8888205662E-01   1.7437157218E-04   4.6994982928E-01
   10      0.0000000000E+00  -3.6537199165E-01  -7.1432164931E-01   4.5577342393E-02  -5.9514059561E-01
   11      0.0000000000E+00  -8.9504869161E-01   1.4983280233E-01   9.7421901585E-02   2.7474775903E-01
   12      0.0000000000E+00  -1.5385840812E-02   2.3354183203E-01  -7.2007001370E-03   3.8492435990E-01
   13      0.0000000000E+00  -9.5782672799E-02   5.5362374968E-02   4.1699416206E-01  -2.6519235506E-01
   14      0.0000000000E+00  -1.9212663717E-01  -6.6093594496E-02   8.7252507771E-01   1.2443431067E-01
                   10                 11                 12                 13                 14        
    0     -1.1185629618E-01   5.8492876873E-04  -2.1691513597E-02  -1.7550333242E-03   4.8305147013E-02
    1     -4.6076135692E-02   3.2171088464E-02   5.4124059093E-02  -9.3511220433E-04   3.5248788557E-02
    2      2.0973613264E-02  -1.5300249300E-02  -2.5658142677E-02   4.3880660569E-04  -1.6458703831E-02
    3     -4.2167777903E-02  -2.2757786973E-02  -3.8916083698E-02  -3.3479668085E-04  -5.5971782434E-04
    4      4.6267358728E-03  -7.5079001088E-02   3.7773580994E-01  -4.7120743636E-03   8.7948796081E-04
    5     -2.5415047403E-03   3.5054754785E-02  -1.7838987196E-01   2.2287980811E-03  -3.8194348037E-04
    6      2.4454182414E-01   6.8852466039E-02   1.1152015190E-01   6.7191496147E-02   2.4540210563E-03
    7      2.5754687780E-04   2.8160610133E-03  -5.6642775867E-01   5.3787445824E-02   5.1487106677E-04
    8      1.1026798015E-03   9.9358708749E-06   2.6782703133E-01  -2.5117770070E-02  -2.9681749346E-04
    9     -6.7499750707E-01   1.0035562371E-01   2.0476995887E-01   6.9468037037E-03  -7.7305378248E-01
   10      5.8656042418E-01  -7.6511302130E-02  -1.7902383549E-01   1.6088196795E-02  -5.7162740259E-01
   11     -2.7513647634E-01   3.5166145377E-02   8.5200468397E-02  -7.5231753131E-03   2.6740371066E-01
   12      2.0579047479E-01  -5.6885107132E-01  -5.7164257332E-01  -7.7440897630E-01  -1.4004122765E-02
   13      6.8256591855E-02   7.2399144621E-01   7.3902570402E-02  -5.6736961931E-01  -7.9364985917E-03
   14     -3.0557562711E-02  -3.4882851939E-01  -3.7885277013E-02   2.6447806513E-01   3.4282250982E-03

#
# The atoms: label  mass x y z (in bohrs)
#
$atoms
5
 O     15.99900      1.379706540141    -1.029719338814     0.243795281113
 O     15.99900     -0.994194294317     2.077341656718    -1.230712462642
 C     12.01100     -0.777865381510     0.062608141016    -0.279446830006
 H      1.00800      2.761167866128     0.020740612416    -0.249367432178
 H      1.00800     -2.368814730442    -1.130971071336     0.276732504007

$actual_temperature
  0.000000

$frequency_scale_factor
  1.000000

$dipole_derivatives
15
   -1.5630849354E+00    5.9178725246E-01   -2.8250991050E-01
    2.6204090533E-01   -8.0744568143E-01    1.1945221540E-01
   -1.2573459228E-01    1.2077548086E-01   -6.1434249303E-01
   -8.7422669020E-01   -1.6575926052E-02    7.0836104713E-03
    3.1042081740E-01   -1.5209921899E+00    4.4419324943E-01
   -1.4776978671E-01    4.4315223641E-01   -7.9086369348E-01
    1.9446367423E+00   -5.2879369750E-01    2.5360885302E-01
   -5.2589734409E-01    1.9557743821E+00   -6.4076947606E-01
    2.5156441743E-01   -6.4194953486E-01    9.0724936283E-01
    5.1327255929E-01    1.8568580214E-02   -8.5589804499E-03
    1.0596667051E-02    3.5186513886E-01    4.8382426563E-02
   -5.3542749451E-03    4.8902326797E-02    4.3103338020E-01
   -2.0681698032E-02   -6.4954657221E-02    3.0361142406E-02
   -5.7276511014E-02    2.0879778829E-02    2.8732299359E-02
    2.7398192484E-02    2.9104670597E-02    6.7014843511E-02

#
# The IR spectrum
#  wavenumber eps Int TX TY TZ
#
$ir_spectrum
15
      0.00   0.00000000   0.00000000     0.000000     0.000000     0.000000
      0.00   0.00000000   0.00000000     0.000000     0.000000     0.000000
      0.00   0.00000000   0.00000000     0.000000     0.000000     0.000000
      0.00   0.00000000   0.00000000     0.000000     0.000000     0.000000
      0.00   0.00000000   0.00000000     0.000000     0.000000     0.000000
      0.00   0.00000000   0.00000000     0.000000     0.000000     0.000000
    680.34   0.05248159 265.22045298    -0.010582    -0.065631    -0.140189
    698.46   0.02107893 106.52429210     0.095630    -0.008520    -0.014148
   1203.54   0.00044615   2.25467221     0.000377    -0.004321    -0.009842
   1275.03   0.08033361 405.97315350     0.121289    -0.063718     0.029844
   1419.16   0.01073239  54.23709236     0.048575     0.000614     0.000231
   1547.80   0.00498980  25.21642694     0.026127     0.016325    -0.007546
   1980.75   0.14382340 726.82449611     0.056157    -0.126223     0.059776
   3294.24   0.00884877  44.71804752     0.020205     0.018753    -0.008850
   4046.01   0.04794922 242.31569023    -0.054634    -0.024226     0.011246


$end

