
$orca_opt_file

$trust
    0.300000000000

$epredict
    0.000000000000

$ediffsc
  1000.000000000000

$ctyp
  3

$coordinates
 5 12
   1.52464994  -0.68604618   0.62585840  -1.12202489   2.18081955  -1.15653129
  -0.87547232   0.00984547  -0.16916828  -2.52219857  -1.21276954   0.01874608

   1.35260237  -0.69909623   0.59612630  -1.13898316   2.13420456  -1.13980362
  -0.78751535   0.05687655  -0.17168859  -2.42114971  -1.20013557   0.03427082

   1.26399200  -0.73327318   0.59237236  -1.17028998   2.14304906  -1.15030434
  -0.72042160   0.08943464  -0.17121001  -2.36832627  -1.20736122   0.04804689

   1.30262526  -0.74249874   0.60438509  -1.17944895   2.14940138  -1.15486387
  -0.72971058   0.09033469  -0.17371631  -2.38851158  -1.20538803   0.04310000

   1.29933080  -0.73977935   0.60241683  -1.17730712   2.14767668  -1.15379480
  -0.72841351   0.08996616  -0.17294688  -2.38865601  -1.20601419   0.04322975


# redundant internal coordinates
#  nbonds nangles ndihedrals nimpropers ncartesians
# bond  definitions A B
# angle definitions A B C
# dihedral definitions A B C D
# improper torsion definitions A B C D
# cartesian definitions A x/y/z
$redundant_internals
 3 3 0 1 0
   2   1   0
   2   0   0
   3   2   0
   0   2   3   0   0
   1   2   3   0   0
   0   2   1   0   0
   0   3   1   2   0
$energies
 5
 -188.1144245819108960
 -188.1462564600400356
 -188.1491846738353786
 -188.1500461385980145
 -188.1500656362164534

$gradients
 5 12
   0.1376177376495669  -0.0087620834848670   0.0320564225632500   0.0194068219268724
   0.0704197405901024  -0.0263595904875222  -0.1562260796969275  -0.0703138778405412
  -0.0017942651434462  -0.0007984798795424   0.0086562207348813  -0.0039025669326052

   0.0467492130245670   0.0027456956660066   0.0084213212023627   0.0162754806180390
   0.0016362608758147   0.0027067037770010  -0.0683569082178632  -0.0124852615828219
  -0.0087682861888700   0.0053322145747101   0.0081033050409394  -0.0023597387907635

  -0.0341625005472910   0.0127963735197811  -0.0125674618270235   0.0026264234989233
  -0.0076074086714080   0.0038613555903551   0.0259303734245666  -0.0065646858195834
   0.0081910966413447   0.0056057036239667   0.0013757209720002   0.0005150095956538

   0.0044720490394301  -0.0021792915104060   0.0018641991627995  -0.0007173258313147
   0.0017582977496549  -0.0008438769061838  -0.0040173862103527   0.0004370741522486
  -0.0010597087024538   0.0002626630018874  -0.0000160803906666   0.0000393864450381

   0.0003922655828603  -0.0001490496376215   0.0001039482430736   0.0000416244965482
   0.0000682808361230  -0.0000030078350326  -0.0006309481019988   0.0001905918157936
  -0.0001256722464840   0.0001970580229607  -0.0001098230141681   0.0000247318389152


$redundant_coords
 5 7
   2.3976660130191640   2.6223881292997615   2.0595646689584237   2.1490872666575922
   2.0861664584099073   2.0479315821088191   0.0000023640812263
   2.3186349401225859   2.3960672810906343   2.0715356555512763   2.0726607077374384
   2.0551345140109074   2.1553898888862038  -0.0005698588546064
   2.3191247270809923   2.2798691915125531   2.1083981729197476   2.0081268602048223
   2.0229841322941882   2.2520741518220957   0.0005047817893199
   2.3247947764921104   2.3301163680076051   2.1160168796743872   2.0160241016123237
   2.0196574122661324   2.2475037702951215   0.0001895660701009
   2.3233038314335852   2.3240941177854384   2.1172393740354405   2.0170259046285115
   2.0194252884359831   2.2467337878195881   0.0007139231666080

$redundant_gradients
 5 7
   0.0726217452500822   0.1379968373788724  -0.0048563527447162   0.0332640785378025
   0.0163566460565253  -0.0496207247497552   0.0000562224527355
  -0.0021302568200257   0.0435870185350954  -0.0093570615570659   0.0176317625799952
   0.0103126818190806  -0.0279444686857073  -0.0000392664095710
  -0.0088767765663611  -0.0385615206385669  -0.0051738615001069  -0.0028396853766177
   0.0025719822944897   0.0002676930884211   0.0000160834321675
   0.0020517218050007   0.0053025385611260  -0.0001920764119638  -0.0003979227940219
  -0.0001122518056428   0.0005101821686478  -0.0000312096130699
   0.0000531710514681   0.0004306931372803  -0.0000847992771568  -0.0001333306798406
   0.0001947799637235  -0.0000615050879117   0.0000611224713654

$hessian_approx
 12 12
                  0          1          2          3          4          5    
      0       0.603870  -0.220282   0.221778  -0.042465   0.063356  -0.033775
      1      -0.220282   0.177753  -0.120784   0.075653  -0.030321   0.030162
      2       0.221778  -0.120784   0.107217  -0.043904   0.031188  -0.012682
      3      -0.042465   0.075653  -0.043904   0.147082  -0.092749   0.067768
      4       0.063356  -0.030321   0.031188  -0.092749   0.785441  -0.352683
      5      -0.033775   0.030162  -0.012682   0.067768  -0.352683   0.173823
      6      -0.489711   0.161341  -0.168225  -0.143304   0.050437  -0.048839
      7       0.148070  -0.181831   0.098209   0.076260  -0.740323   0.323691
      8      -0.170611   0.106195  -0.107658  -0.054572   0.313630  -0.174583
      9      -0.071693  -0.016709  -0.009648   0.038687  -0.021043   0.014846
     10       0.008858   0.034401  -0.008613  -0.059163  -0.014796  -0.001171
     11      -0.017391  -0.015572   0.013123   0.030708   0.007865   0.013442
                  6          7          8          9         10         11    
      0      -0.489711   0.148070  -0.170611  -0.071693   0.008858  -0.017391
      1       0.161341  -0.181831   0.106195  -0.016709   0.034401  -0.015572
      2      -0.168225   0.098209  -0.107658  -0.009648  -0.008613   0.013123
      3      -0.143304   0.076260  -0.054572   0.038687  -0.059163   0.030708
      4       0.050437  -0.740323   0.313630  -0.021043  -0.014796   0.007865
      5      -0.048839   0.323691  -0.174583   0.014846  -0.001171   0.013442
      6       0.878882  -0.164974   0.243296  -0.245864  -0.046801  -0.026231
      7      -0.164974   1.151595  -0.494368  -0.059354  -0.229440   0.072466
      8       0.243296  -0.494368   0.352367  -0.018113   0.074543  -0.070125
      9      -0.245864  -0.059354  -0.018113   0.278869   0.097106   0.012916
     10      -0.046801  -0.229440   0.074543   0.097106   0.209837  -0.064760
     11      -0.026231   0.072466  -0.070125   0.012916  -0.064760   0.043560

$bmatrix
 7 12
                  0          1          2          3          4          5    
      0       0.000000   0.000000   0.000000  -0.193213   0.885683  -0.422178
      1       0.872488  -0.357019   0.333620   0.000000   0.000000   0.000000
      2       0.000000   0.000000   0.000000   0.000000   0.000000   0.000000
      3       0.194425   0.365456  -0.117377   0.000000   0.000000   0.000000
      4       0.000000   0.000000   0.000000   0.414617   0.108895   0.038697
      5      -0.194499  -0.365303   0.117731  -0.414690  -0.108742  -0.038342
      6       0.079951  -0.167399  -0.388230   0.080339  -0.167758  -0.388706
                  6          7          8          9         10         11    
      0       0.193213  -0.885683   0.422178   0.000000   0.000000   0.000000
      1      -0.872488   0.357019  -0.333620   0.000000   0.000000   0.000000
      2       0.784154   0.612109  -0.102103  -0.784154  -0.612109   0.102103
      3       0.085205  -0.690697   0.315125  -0.279631   0.325241  -0.197749
      4      -0.694178   0.216201  -0.236783   0.279561  -0.325096   0.198086
      5       0.609189   0.474045  -0.079390   0.000000   0.000000   0.000000
      6      -0.236530   0.494355   1.145806   0.076239  -0.159198  -0.368871

