
$orca_hessian_file

$act_atom
  0

$act_coord
  0

$act_energy
        0.000000

$hessian
12
                    0                  1                  2                  3                  4        
    0      6.2098745137E-01  -2.1228261935E-01   2.1271568379E-01  -1.5713004771E-02   8.4491648656E-02
    1     -2.1228261935E-01   1.9264110700E-01  -1.1425897696E-01   8.7898704502E-02  -4.4696877921E-02
    2      2.1271568379E-01  -1.1425897696E-01   1.2457553677E-01  -4.7856227279E-02   5.0483795955E-02
    3     -1.5713004771E-02   8.7898704502E-02  -4.7856227279E-02   1.3979854760E-01  -1.2015424453E-01
    4      8.4491648656E-02  -4.4696877921E-02   5.0483795955E-02  -1.2015424453E-01   6.3221581978E-01
    5     -4.6412958834E-02   5.1232106008E-02   7.1943150308E-04   7.3393437940E-02  -2.8299640006E-01
    6     -5.4557523328E-01   1.4223793533E-01  -1.5392993198E-01  -1.3525174059E-01   4.9012318638E-02
    7      1.2745018994E-01  -1.6699344758E-01   5.8675450805E-02   6.3762664127E-02  -5.4231655616E-01
    8     -1.4753103133E-01   6.1676014254E-02  -1.5152291613E-01  -3.5106693272E-02   2.0249717099E-01
    9     -5.9694610768E-02  -1.7867272029E-02  -1.0924668453E-02   1.1154876257E-02  -1.3343436995E-02
   10      3.4902382493E-04   1.9042704387E-02   5.1030297081E-03  -3.1511653952E-02  -4.5192943595E-02
   11     -1.8763591563E-02   1.3526423819E-03   2.6237663919E-02   9.5669235467E-03   3.0014906254E-02
                    5                  6                  7                  8                  9        
    0     -4.6412958834E-02  -5.4557523328E-01   1.2745018994E-01  -1.4753103133E-01  -5.9694610768E-02
    1      5.1232106008E-02   1.4223793533E-01  -1.6699344758E-01   6.1676014254E-02  -1.7867272029E-02
    2      7.1943150308E-04  -1.5392993198E-01   5.8675450805E-02  -1.5152291613E-01  -1.0924668453E-02
    3      7.3393437940E-02  -1.3525174059E-01   6.3762664127E-02  -3.5106693272E-02   1.1154876257E-02
    4     -2.8299640006E-01   4.9012318638E-02  -5.4231655616E-01   2.0249717099E-01  -1.3343436995E-02
    5      1.7008221323E-01  -2.8731882255E-02   2.0552968522E-01  -1.9047954149E-01   1.7464929573E-03
    6     -2.8731882255E-02   8.5266942537E-01  -1.1246571005E-01   1.6545451885E-01  -1.7182920856E-01
    7      2.0552968522E-01  -1.1246571005E-01   8.4357683117E-01  -2.6682009284E-01  -7.8736560947E-02
    8     -1.9047954149E-01   1.6545451885E-01  -2.6682009284E-01   4.3009966142E-01   1.7182666686E-02
    9      1.7464929573E-03  -1.7182920856E-01  -7.8736560947E-02   1.7182666686E-02   2.2036241909E-01
   10      2.6232551393E-02  -7.8786460099E-02  -1.3426774135E-01   2.6455127130E-03   1.0994547292E-01
   11      1.9685983233E-02   1.7200240955E-02   2.6142283540E-03  -8.8114604719E-02  -8.0029797620E-03
                   10                 11        
     0      3.4902382493E-04  -1.8763591563E-02
     1      1.9042704387E-02   1.3526423819E-03
     2      5.1030297081E-03   2.6237663919E-02
     3     -3.1511653952E-02   9.5669235467E-03
     4     -4.5192943595E-02   3.0014906254E-02
     5      2.6232551393E-02   1.9685983233E-02
     6     -7.8786460099E-02   1.7200240955E-02
     7     -1.3426774135E-01   2.6142283540E-03
     8      2.6455127130E-03  -8.8114604719E-02
     9      1.0994547292E-01  -8.0029797620E-03
    10      1.6041596649E-01  -3.3981624174E-02
    11     -3.3981624174E-02   4.2190555935E-02

$vibrational_frequencies
12
    0        0.000000
    1        0.000000
    2        0.000000
    3        0.000000
    4        0.000000
    5        0.000000
    6      838.392017
    7     1220.213297
    8     1518.357497
    9     1539.466075
   10     1866.306824
   11     2918.969894

$normal_modes
12 12
                    0                  1                  2                  3                  4        
    0      0.0000000000E+00   0.0000000000E+00   0.0000000000E+00   0.0000000000E+00   0.0000000000E+00
    1      0.0000000000E+00   0.0000000000E+00   0.0000000000E+00   0.0000000000E+00   0.0000000000E+00
    2      0.0000000000E+00   0.0000000000E+00   0.0000000000E+00   0.0000000000E+00   0.0000000000E+00
    3      0.0000000000E+00   0.0000000000E+00   0.0000000000E+00   0.0000000000E+00   0.0000000000E+00
    4      0.0000000000E+00   0.0000000000E+00   0.0000000000E+00   0.0000000000E+00   0.0000000000E+00
    5      0.0000000000E+00   0.0000000000E+00   0.0000000000E+00   0.0000000000E+00   0.0000000000E+00
    6      0.0000000000E+00   0.0000000000E+00   0.0000000000E+00   0.0000000000E+00   0.0000000000E+00
    7      0.0000000000E+00   0.0000000000E+00   0.0000000000E+00   0.0000000000E+00   0.0000000000E+00
    8      0.0000000000E+00   0.0000000000E+00   0.0000000000E+00   0.0000000000E+00   0.0000000000E+00
    9      0.0000000000E+00   0.0000000000E+00   0.0000000000E+00   0.0000000000E+00   0.0000000000E+00
   10      0.0000000000E+00   0.0000000000E+00   0.0000000000E+00   0.0000000000E+00   0.0000000000E+00
   11      0.0000000000E+00   0.0000000000E+00   0.0000000000E+00   0.0000000000E+00   0.0000000000E+00
                    5                  6                  7                  8                  9        
    0      0.0000000000E+00   1.1068471976E-01   1.1497760643E-02   4.1360275573E-01  -6.7332513132E-02
    1      0.0000000000E+00  -4.4583607453E-01  -2.4354779613E-02  -1.1217606257E-01  -2.1531900726E-03
    2      0.0000000000E+00   2.1460125122E-01  -5.8003129022E-02   1.3351972633E-01  -1.2903421798E-02
    3      0.0000000000E+00  -4.3623269644E-01   1.2409933941E-02  -3.2129388226E-02   1.5558062880E-02
    4      0.0000000000E+00   1.9122442220E-01  -2.5246124783E-02   4.0916186720E-01   6.1155104962E-02
    5      0.0000000000E+00  -1.7297496045E-01  -5.7482279806E-02  -1.8327425579E-01  -2.3119493814E-02
    6      0.0000000000E+00   4.0256845175E-01  -4.6919917646E-02  -4.7769054732E-01   1.9530842162E-02
    7      0.0000000000E+00   3.1508953290E-01   9.7632567894E-02  -3.6997516068E-01  -2.1149046358E-02
    8      0.0000000000E+00  -5.0897218192E-02   2.2674927143E-01   6.1814984134E-02   1.2945693253E-02
    9      0.0000000000E+00   3.7023056040E-01   1.7961897341E-01  -3.6274924886E-01   5.8904214719E-01
   10      0.0000000000E+00   2.8669786303E-01  -3.7609117416E-01  -3.0526213616E-01  -6.8447464336E-01
   11      0.0000000000E+00  -5.4218788085E-02  -8.6888337624E-01   5.3137839730E-02   4.1749990595E-01
                   10                 11        
     0     -1.9521135312E-01  -4.4771076612E-03
     1      1.0021203313E-01  -3.0446197774E-04
     2     -8.3536194043E-02  -7.8801979621E-04
     3     -6.4754847501E-02  -1.2093546040E-03
     4      2.0410958962E-01  -4.0729353594E-03
     5     -1.0135126053E-01   1.5113642602E-03
     6      3.8052973748E-01  -5.8081320893E-02
     7     -4.4501910169E-01  -4.5357124998E-02
     8      2.7044921741E-01   7.5945438159E-03
     9     -4.0807880263E-01   7.8233378474E-01
    10      4.7250276583E-01   6.0993889717E-01
    11     -2.8804679032E-01  -1.0197505343E-01

#
# The atoms: label  mass x y z (in bohrs)
#
$atoms
4
 O     15.99900      1.299212527305    -0.739515278181     0.602557588406
 O     15.99900     -1.177494559768     2.147497280512    -1.153476696588
 C     12.01100     -0.727797754837     0.089579282430    -0.173476517378
 H      1.00800     -2.388966059613    -1.205711980638     0.043300532371

$actual_temperature
  0.000000

$frequency_scale_factor
  1.000000

$dipole_derivatives
12
   -1.9242926973E+00    4.7802626195E-01   -4.5068874213E-01
    2.2273753303E-01   -1.1330927818E+00    2.1683430621E-01
   -3.4117222788E-01    2.6933802239E-01   -9.2267985050E-01
   -1.0607304303E+00    5.4304343625E-02   -8.9966125814E-02
    3.1079365467E-01   -1.9173151589E+00    5.7406331468E-01
   -2.0076606605E-01    5.2104371915E-01   -1.0034150014E+00
    2.3337663507E+00   -2.6271816569E-01    4.9439069086E-01
   -2.6419468817E-01    2.2631358068E+00   -8.2360671702E-01
    4.9542356588E-01   -8.2344207001E-01    9.4026810241E-01
   -3.4862165105E-01   -2.6947711850E-01    4.6161643755E-02
   -2.6924191562E-01   -2.1264919454E-01    3.2744245992E-02
    4.6496894699E-02    3.3102393794E-02   -1.3935420924E-02

#
# The IR spectrum
#  wavenumber eps Int TX TY TZ
#
$ir_spectrum
12
      0.00   0.00000000   0.00000000     0.000000     0.000000     0.000000
      0.00   0.00000000   0.00000000     0.000000     0.000000     0.000000
      0.00   0.00000000   0.00000000     0.000000     0.000000     0.000000
      0.00   0.00000000   0.00000000     0.000000     0.000000     0.000000
      0.00   0.00000000   0.00000000     0.000000     0.000000     0.000000
      0.00   0.00000000   0.00000000     0.000000     0.000000     0.000000
    838.39   0.01706538  86.24141456     0.062399     0.048915    -0.008105
   1220.21   0.00531343  26.85191605    -0.006896     0.014134     0.033340
   1518.36   0.05851726 295.72224893    -0.086222    -0.066843     0.011164
   1539.47   0.01798149  90.87109557     0.036134    -0.041304     0.025165
   1866.31   0.22548594 1139.51351477     0.114718    -0.133836     0.081431
   2918.97   0.08964602 453.03421899    -0.076806    -0.059867     0.010031


$end

